<?xml version="1.0" encoding="UTF-8" standalone="no"?>
<!-- Created with Inkscape (http://www.inkscape.org/) -->

<svg
   version="1.1"
   id="svg1"
   width="680"
   height="820"
   viewBox="0 0 680 820"
   xmlns="http://www.w3.org/2000/svg"
   xmlns:svg="http://www.w3.org/2000/svg">
  <defs
     id="defs1" />
  <path
     style="fill:#000000;fill-opacity:1"
     d="m 314.56352,790.46141 c -24.74886,-1.97096 -51.03063,-7.1058 -73.66667,-14.39274 -27.06299,-8.71206 -61.11378,-27.05632 -79.33333,-42.73943 -5.38397,-4.63445 -16.64303,-15.9624 -21.99027,-22.12484 -13.07612,-15.06958 -23.66337,-34.86769 -26.70904,-49.94573 -2.12314,-10.51097 -0.6421,-25.78862 3.20436,-33.05427 1.19909,-2.265 1.49905,-1.82054 2.08079,3.08314 0.20116,1.69573 1.30881,6.04573 2.46144,9.66667 11.99465,37.68086 55.4267,72.74057 113.28605,91.44803 25.02925,8.09261 55.09875,12.80516 81.66578,12.79881 33.4094,-0.008 63.09419,-4.82935 89.00089,-14.45542 31.46525,-11.69144 58.76034,-33.96668 69.56448,-56.77084 1.90855,-4.02835 2.09994,-5.02043 2.07781,-10.77039 -0.0266,-6.90587 -0.97189,-10.16825 -7.05088,-24.33333 -2.78041,-6.47884 -2.86192,-6.87328 -2.89288,-14 -0.0293,-6.73997 0.1738,-7.96126 2.50993,-15.09384 2.92385,-8.92699 11.31178,-26.59503 12.59367,-26.52684 1.17293,0.0624 5.53207,6.02737 18.23605,24.95401 18.00267,26.82072 22.92126,35.73747 27.23783,49.37857 2.94595,9.30968 3.72402,13.74839 3.72388,21.24387 -3.6e-4,19.03976 -8.56412,37.21558 -25.86178,54.88934 -14.76582,15.08687 -34.02511,27.33016 -59.80478,38.01838 -18.29926,7.58686 -40.66403,13.37746 -64.81121,16.78068 -16.73699,2.35885 -48.49533,3.30215 -65.52212,1.94617 z m -19.56833,-68.90782 c -0.23742,-0.6187 -0.43167,-51.56303 -0.43167,-113.20962 V 496.25926 l -2.38183,-5.6941 c -4.97604,-11.89591 -5.87471,-13.7945 -8.21344,-17.35223 -1.3226,-2.01198 -7.42973,-8.82419 -13.5714,-15.13824 l -11.16666,-11.4801 0.0789,-18.86176 c 0.0434,-10.37397 0.26839,-19.69662 0.5,-20.717 l 0.42113,-1.85524 18.30338,-0.33703 c 10.06686,-0.18537 18.37331,-0.40696 18.45877,-0.49242 0.53062,-0.53062 0.26861,-59.07027 -0.2706,-60.46007 -0.35565,-0.91667 -1.00645,-3.76667 -1.44623,-6.33334 -0.97103,-5.66726 -3.48445,-13.1479 -5.86928,-17.46863 -0.97084,-1.75892 -5.75761,-7.26964 -10.63727,-12.24605 l -8.87211,-9.04801 v -20.07931 c 0,-11.04362 0.23687,-20.2257 0.52637,-20.40462 0.2895,-0.17892 6.7395,-0.54101 14.33333,-0.80465 9.25642,-0.32136 13.82795,-0.72149 13.87064,-1.21404 0.035,-0.40408 0.0453,-15.16081 0.0229,-32.79273 -0.0382,-29.98611 -0.12283,-32.24945 -1.31016,-35.01937 -2.85717,-6.6655 -3.45988,-13.68425 -1.7417,-20.28252 2.09386,-8.041 6.19621,-13.10839 21.1599,-26.1376 10.11134,-8.80417 16.4721,-15.679 16.4721,-17.80337 0,-0.41278 -0.615,-1.93894 -1.36665,-3.39147 -1.58702,-3.06681 -1.32452,-5.81932 0.76736,-8.04601 1.16858,-1.2439 1.25761,-1.69819 0.58071,-2.963 -1.28147,-2.39444 -0.41791,-7.33892 1.56177,-8.94232 1.42529,-1.15439 1.53432,-1.48426 0.73236,-2.21591 -1.1648,-1.06269 -1.21082,-5.23731 -0.0823,-7.46781 0.96185,-1.90111 3.04274,-2.56459 3.88333,-1.23817 0.81773,1.29035 0.723,8.16602 -0.12418,9.0132 -0.50793,0.50793 -0.24022,1.2258 0.92666,2.48489 2.78372,3.00368 3.49383,5.47008 2.29732,7.97918 -0.9605,2.01421 -0.93634,2.2711 0.38417,4.08387 1.91417,2.62772 1.87885,6.51878 -0.0757,8.33971 -1.83503,1.70958 -1.83798,2.01397 -0.0428,4.40817 3.09,4.12112 7.94157,8.70342 17.22463,16.26866 5.31667,4.33282 11.07376,9.32761 12.79354,11.09955 4.17643,4.3031 7.47099,9.94972 8.91264,15.27561 1.52315,5.62697 0.7499,11.2701 -2.51152,18.32902 l -2.30702,4.99326 0.58064,30.97857 c 0.31936,17.03821 0.72536,31.65357 0.90222,32.47857 0.32157,1.5 0.32158,1.5 14.89391,1.5 10.85011,0 14.74634,0.21286 15.25355,0.83333 0.41749,0.51072 0.77171,8.49484 0.91496,20.62332 l 0.23366,19.78999 -6.36899,6.54335 c -7.59535,7.80328 -10.95433,11.8888 -11.97464,14.56474 -0.41493,1.08823 -1.78103,6.77219 -3.03577,12.63101 -1.25475,5.85883 -2.73047,12.00883 -3.27939,13.66667 -0.78475,2.37011 -0.85744,3.86906 -0.34015,7.01426 0.36184,2.2 0.66422,14.35 0.67195,27 0.008,12.65 0.25948,23.3868 0.55942,23.85955 0.42127,0.66401 4.20155,0.85355 16.61699,0.83314 8.83941,-0.0145 16.21879,0.21166 16.39862,0.50263 0.17983,0.29098 0.41587,9.81607 0.52452,21.16686 0.1563,16.32844 0.0101,20.98583 -0.70032,22.30448 -0.49382,0.91667 -5.00168,5.86667 -10.01747,11 -5.01579,5.13334 -10.22584,10.98334 -11.5779,13 -1.35206,2.01667 -4.27491,7.85647 -6.49521,12.97733 l -4.03692,9.31066 0.0232,90.02267 c 0.0128,49.51247 0.2076,98.12268 0.43298,108.02268 0.33329,14.63967 0.24078,18.20504 -0.49555,19.09833 -0.52584,0.63793 -4.08786,1.84686 -8.49752,2.88402 -6.29283,1.48009 -7.7381,1.6344 -8.44489,0.90167 -0.68488,-0.71002 -0.86303,-22.01034 -0.9051,-108.21736 -0.0288,-59.03333 -0.0402,-108.14193 -0.0254,-109.13022 0.0148,-0.98829 -0.75035,-3.33085 -1.7004,-5.20569 -1.28456,-2.53495 -6.9987,-21.92024 -6.9987,-23.74317 0,-0.13984 -0.3,-0.25425 -0.66666,-0.25425 -0.3667,0 -0.6667,0.60555 -0.6667,1.34566 0,2.08594 -4.54557,15.65077 -7.47769,22.3148 -2.33316,5.30274 -2.55966,6.26352 -1.96452,8.33333 0.43587,1.51589 0.74947,40.17713 0.89079,109.81553 0.19245,94.84237 0.10054,107.59294 -0.78191,108.47084 -1.21822,1.21194 -9.31687,2.54199 -13.75773,2.25946 l -3.24227,-0.20629 -0.49644,-6.33333 c -0.408,-5.20521 -0.22747,-207.6016 0.19296,-216.33333 0.0882,-1.83074 -1.35702,-6.95083 -4.61016,-16.33334 -2.60622,-7.51666 -4.74642,-13.81666 -4.75601,-14 -0.073,-1.39499 -1.31217,2.1226 -1.32014,3.74737 -0.0108,2.20881 -3.74487,14.98579 -6.02425,20.61354 -1.34958,3.33209 -1.3625,4.31362 -1.50694,114.48478 l -0.14569,111.12388 -1.83806,1.83812 c -1.74084,1.74091 -2.22048,1.85122 -9.06833,2.0856 -6.31025,0.21599 -7.2852,0.10434 -7.66194,-0.87743 z m 108.235,-293.23974 v -7.55722 l -44.10998,-0.44278 c -50.94446,-0.51139 -77.38036,-0.46478 -80.22336,0.14143 l -2,0.42646 -0.20375,7.49466 -0.20375,7.49467 h 63.37042 63.37042 z m -71.59436,-49.31354 c 0.0528,-18.90786 0.29943,-26.55894 0.91619,-28.42773 0.7511,-2.27586 0.68976,-2.87645 -0.55791,-5.46259 -0.77098,-1.59807 -2.14433,-5.60559 -3.05188,-8.90559 -0.90756,-3.3 -2.4388,-8.1 -3.40277,-10.66667 -0.96397,-2.56666 -1.91289,-5.19166 -2.10872,-5.83333 -0.5875,-1.925 -1.53225,-1.31834 -1.55731,1 -0.0425,3.931 -3.89624,18.69364 -6.35807,24.35595 -0.77653,1.78607 -0.95184,7.52992 -0.95184,31.18659 v 28.9973 l 8.5,-0.18659 8.5,-0.18658 z m 36.40044,-2.29591 c 0.19167,-28.16977 0.17662,-28.54399 -1.29919,-32.29688 -0.82121,-2.08828 -2.38159,-7.03828 -3.4675,-11 -1.08591,-3.96171 -2.54096,-8.84818 -3.23344,-10.85881 -1.10523,-3.20904 -1.34295,-3.49413 -1.9457,-2.33334 -0.37765,0.7273 -1.21258,3.72119 -1.85541,6.65308 -0.64283,2.9319 -2.33519,8.6319 -3.76079,12.66667 l -2.592,7.33595 0.0166,23.33333 c 0.009,12.83333 0.20546,25.95833 0.43629,29.16667 l 0.4197,5.83333 h 8.54376 8.54376 z m 25.22056,-90.16667 c 0.3549,-0.55 0.5691,-3.85 0.47599,-7.33333 l -0.1693,-6.33333 h -54 -54 l -0.18889,7.13427 -0.1889,7.13428 4.1889,0.19906 c 2.30389,0.10948 26.4747,0.19905 53.7129,0.19905 43.29011,0 49.60524,-0.12587 50.1693,-1 z m -62.02664,-44.24342 c 0,-15.05871 -0.0491,-15.64073 -1.47702,-17.5 -1.84216,-2.3987 -2.54142,-2.90016 -4.06208,-2.91303 -1.7473,-0.0148 -6.19448,3.77725 -8.4846,7.2347 l -1.9763,2.98368 v 12.8857 12.88571 h 8 8 z m 31.43279,0.91009 c -0.25476,-15.61273 -0.61867,-17.26397 -4.25457,-19.30474 -1.57127,-0.88194 -2.00787,-0.86449 -4.17014,0.16662 -3.94262,1.88011 -4.34142,3.69959 -4.34142,19.80752 v 14.04555 l 6.5,-0.19081 6.5,-0.19081 z m -0.24513,-39.53642 0.18767,-7.76097 -1.85433,-0.48019 c -2.94591,-0.76286 -46.69551,-0.66037 -47.34424,0.11091 -0.61275,0.7285 -0.098,14.64165 0.56615,15.30125 0.22526,0.22374 4.65852,-2.42975 9.85168,-5.89664 5.19316,-3.46689 10.80593,-6.96365 12.47282,-7.77058 l 3.03072,-1.46714 2.1176,2.01918 c 1.16468,1.11055 5.1176,3.97682 8.78427,6.36949 3.66666,2.39266 7.56666,5.10997 8.66666,6.03847 1.1,0.9285 2.3,1.60021 2.66667,1.49268 0.38072,-0.11165 0.74716,-3.52433 0.85433,-7.95646 z m 4.1895,-23.82037 c 2.81066,-1.50422 1.00902,-8.35189 -3.90018,-14.82374 -1.36234,-1.79599 -7.51244,-7.75074 -13.66688,-13.23277 l -11.18991,-9.96734 -6.14343,5.51732 c -10.10502,9.07515 -18.94908,18.20215 -20.40693,21.05978 -3.67264,7.19897 -2.95681,11.19471 2.08676,11.64824 6.91878,0.62216 52.00049,0.45148 53.22057,-0.20149 z m -93.25559,214.72002 c -4.82945,-3.62878 -5.86776,-3.85585 -8.05395,-1.76135 -2.25703,2.16237 -2.79157,2.15814 -5.4072,-0.0428 -4.19634,-3.53099 -3.83889,-6.8358 1.28,-11.83426 l 2.56326,-2.50297 1.93532,2.88906 c 2.8017,4.1824 4.84619,4.24786 8.54714,0.27366 1.56281,-1.6782 3.2655,-3.05127 3.78377,-3.05127 1.35013,0 7.89675,6.81522 7.89675,8.22074 0,2.64229 -3.21433,6.72173 -7.36604,9.34853 -1.64585,1.04134 -1.80898,0.99285 -5.17905,-1.53937 z m 133.27075,-0.30044 c -2.22642,-2.36991 -3.80253,-2.52584 -6.08846,-0.60235 -1.4023,1.17995 -2.46021,1.5612 -3.56362,1.28426 -2.24614,-0.56374 -6.40691,-5.39662 -6.40691,-7.44185 0,-1.81174 5.49288,-8.30285 7.02601,-8.30285 0.46396,0 1.15702,0.89919 1.54014,1.99821 0.87645,2.5142 3.48707,3.80825 5.94145,2.94509 0.98297,-0.34569 2.64071,-1.89935 3.68387,-3.45258 1.04316,-1.55323 2.12133,-2.82405 2.39592,-2.82405 0.79391,0 6.98042,6.44121 7.47601,7.7838 0.69542,1.88392 -1.98262,6.03704 -5.31701,8.24565 -3.60675,2.38901 -4.72967,2.45058 -6.6874,0.36667 z M 279.23019,247.2044 c -1.932,-1.51123 -3.26249,-1.64078 -5.65505,-0.55066 -1.56736,0.71414 -1.94959,0.55634 -4.36471,-1.80196 -1.4558,-1.42155 -2.64691,-3.05412 -2.64691,-3.62792 0,-1.48864 3.2121,-6.01946 4.26746,-6.01946 0.48733,0 1.64884,0.6 2.58112,1.33333 2.19564,1.72709 2.78072,1.68394 5.52247,-0.4073 2.79097,-2.12877 4.66937,-1.82337 8.09523,1.3162 2.0559,1.8841 2.33256,2.47371 1.92419,4.1008 -0.59023,2.35167 -5.12531,6.99556 -6.81204,6.97548 -0.6848,-0.008 -1.9951,-0.60148 -2.91176,-1.31851 z m 111.67102,-0.65294 c -0.23035,-0.72578 -1.30057,-1.84047 -2.37826,-2.47707 -2.42329,-1.43148 -2.49386,-3.10732 -0.26873,-6.3819 1.87984,-2.76643 3.40016,-3.10051 6.30388,-1.38525 1.77772,1.05013 1.95424,1.03419 3.69276,-0.33333 1.00419,-0.7899 2.49034,-1.43618 3.30254,-1.43618 1.41237,0 6.40555,3.14912 7.30772,4.60886 0.91322,1.47761 -4.43985,8.72448 -6.44455,8.72448 -0.69141,0 -2.36085,-0.75 -3.70984,-1.66667 -1.349,-0.91667 -2.79858,-1.66667 -3.22129,-1.66667 -0.42272,0 -1.25999,0.75 -1.86062,1.66667 -1.31641,2.00911 -2.1619,2.11685 -2.72361,0.34706 z M 330.71697,80.04119 c -4.51841,-1.857376 -10.83117,-6.876761 -13.20992,-10.503457 -2.90649,-4.431278 -4.45654,-10.155214 -4.51253,-16.663647 -0.0527,-6.129403 1.21903,-9.652344 5.56006,-15.401997 2.80875,-3.720157 8.45394,-8.711577 9.11029,-8.055225 0.22046,0.220455 -0.84008,1.882954 -2.35674,3.694443 -6.59194,7.873352 -8.12485,16.365239 -4.43741,24.581966 2.17039,4.83627 7.04118,9.784647 11.96614,12.156748 4.96551,2.39163 11.48478,2.223574 17.1235,-0.441415 5.32016,-2.514424 9.57625,-6.268531 12.60316,-11.116664 1.28333,-2.055488 2.55833,-3.741066 2.83333,-3.745729 1.29069,-0.02189 0.24394,4.348734 -2.22097,9.273473 -5.42951,10.847828 -13.79017,16.771789 -24.24877,17.181508 -3.97145,0.155582 -6.10242,-0.09359 -8.21014,-0.960004 z"
     id="path1" />
</svg>
